0,0,1,2,3,4,5,6,7,8,9,10,11,12,13,14,15,16,17,18,19,20,21,22,23,24,25
1,1.14598298073,21.2287790775,21.2574191093,22.1824409962,23.1559691429,24.1896181107,24.2159509659,25.1796030998,25.1982121468,26.1637070179,26.1730849743,26.1920950413,27.2255189419,27.2625329494,28.1583180428,28.1605601311,28.2339601517,29.1534979343,29.1767089367,30.2064039707,30.2643821239,34.170609951,35.1700370312,35.2591700554,36.1689360142,40.2379829884
2,1.00937986374,109.411602974,114.330788851,118.328155994,121.415437937,121.428284883,121.568667889,122.395783901,122.432600975,123.327739,123.454630852,123.579964876,123.610178947,123.740720987,124.389036894,124.453620911,124.513103008,124.640622854,125.337424994,125.366866827,125.463726997,125.528824806,125.530479908,125.620190859,125.726678848,125.734306812
3,1.04430890083,46.3234450817,49.3193819523,59.3861870766,59.6371629238,60.373609066,61.3582479954,61.6434149742,62.3101890087,62.5845580101,63.3528020382,63.3857560158,63.3907029629,63.6835439205,63.8172140121,64.3789410591,64.4323790073,64.6127169132,65.3421180248,65.3930621147,65.4291810989,65.5940840244,65.6983590126,66.4255039692,66.648170948,67.444519043
0,0,1,2,3,4,5,6,7,8,9,10,11,12,13,14,15,16,17,18,19,20,21,22,23,24,25
1,1.01134395599,24.0214450359,24.0706140995,26.0187759399,26.021559,28.0197370052,28.0209820271,28.0232610703,29.0512471199,29.0515201092,29.0575871468,29.1231880188,29.1246609688,29.1273770332,29.1307229996,29.1323540211,30.0212430954,30.0229811668,31.0682599545,33.0794169903,33.0804049969,33.1233279705,33.1243779659,34.1012711525,34.1247899532,34.1250259876
2,1.00862312317,69.3160889149,79.2589919567,81.3944740295,82.3114111423,84.3522491455,84.3644199371,84.4864590168,86.241186142,86.6165890694,87.5844449997,87.7044711113,87.8300669193,87.9353981018,88.0527710915,88.1574540138,88.3580379486,88.7170200348,88.95074296,89.2541761398,89.262887001,89.33594203,89.3726029396,89.3896670341,89.4379019737,89.554158926
3,1.00793290138,51.328234911,55.255355835,56.2438130379,56.2884819508,58.3590869904,58.6072390079,59.3090019226,59.381346941,60.2769649029,61.2767038345,61.3080058098,61.3403248787,61.5357198715,62.3362958431,62.3788619041,62.7976980209,63.3273758888,63.3485648632,63.3904559612,63.5337219238,64.359815836,64.3939759731,65.285173893,65.3826098442,66.4280228615
0,0,1,2,3,4,5,6,7,8,9,10,11,12,13,14,15,16,17,18,19,20,21,22,23,24,25
1,1.01221895218,26.0356380939,26.0372049809,26.0383889675,29.06518507,29.1087620258,33.077144146,33.1124260426,33.1162419319,34.0624089241,34.0655870438,34.0714950562,35.0519030094,35.061259985,35.0628180504,35.0639400482,35.0857241154,36.068128109,36.0806500912,36.1065590382,36.1112830639,36.1146960258,37.1036670208,38.0778880119,38.1173660755,42.0447590351
2,1.00935912132,93.2646651268,97.2619659901,99.2758641243,106.396499157,106.504798174,107.508988142,107.605671167,107.616731167,107.648375034,107.757222176,108.291995049,108.311248064,108.392050982,108.406942129,108.514917135,108.611034155,108.62541008,109.291082144,109.381597042,109.382173061,109.750391006,109.853471041,109.856029034,109.878746033,109.98569417
3,1.07201194763,57.3866889477,59.3413388729,60.3931350708,60.6366760731,61.3889439106,61.628800869,62.3261599541,62.5794379711,62.6351950169,63.3213880062,63.3319249153,63.4017989635,63.6419079304,64.314234972,64.3620579243,64.371295929,64.3739209175,64.3910279274,64.3930048943,64.3931899071,64.6589000225,65.6310689449,65.8795418739,65.8841350079,67.2275269032
0,0,1,2,3,4,5,6,7,8,9,10,11,12,13,14,15,16,17,18,19,20,21,22,23,24,25
1,26.1177659035,27.1348700523,30.0456149578,33.1338069439,34.1376469135,34.1390769482,36.0604560375,36.0753178596,36.1385509968,37.0705900192,37.131221056,39.0759708881,39.0967199802,40.0398900509,40.0408918858,40.0500638485,41.0486898422,41.0501089096,41.0973508358,41.1349658966,44.1201059818,47.1201679707,49.1070928574,50.1176240444,51.1062319279
2,16.1828389168,16.2399909496,17.1928210258,17.1929469109,17.1992080212,17.2306768894,17.2450840473,17.2503330708,17.2559049129,17.258936882,17.2625448704,17.2645180225,18.1516709328,18.1563529968,18.1596958637,18.1656899452,18.1672079563,18.1729869843,18.2069900036,18.2141330242,18.219452858,18.229006052,18.2374720573,19.2016038895,19.2089190483
3,35.3950788975,37.3351478577,48.3951368332,49.4075129032,50.407148838,51.4027118683,51.4178040028,51.4386188984,51.4399859905,51.5376670361,51.5703380108,51.6804969311,51.6885838509,51.8062589169,52.4175658226,52.5673289299,53.4133470058,53.4162328243,53.4576890469,53.4728929996,54.4832420349,54.4929280281,54.6485588551,54.8067989349,56.5177140236
0,0,1,2,3,4,5,6,7,8,9,10,11,12,13,14,15,16,17,18,19,20,21,22,23,24,25,
1,21.0685739517,21.1483850479,26.1006569862,26.143157959,27.1433780193,28.0952320099,29.1436769962,30.0955040455,30.1326200962,31.1327469349,32.1186950207,32.1188941002,34.0799279213,34.1402881145,35.1541559696,35.1543679237,37.1245610714,37.1571760178,42.120153904,42.1203560829,46.0780448914,47.0939280987,48.1209900379,49.1144850254,52.091285944
2,17.1612260342,17.1915638447,17.2253198624,18.1783399582,18.1956269741,18.1989979744,18.2034230232,18.2056779861,18.2238869667,18.2288649082,18.2313969135,19.124560833,19.1560869217,19.1664638519,19.1682879925,19.1733269691,19.1752250195,19.183672905,19.1935088634,19.209197998,19.2122049332,19.2156999111,19.2198588848,20.1589589119,20.1896729469
3,11.187871933,11.2003219128,11.2099878788,11.2102220058,11.2132389545,11.2207839489,11.2284920216,11.2312400341,12.0147469044,12.1547379494,12.1568610668,12.1604218483,12.1667878628,12.1671080589,12.1698498726,12.1699888706,12.1747689247,12.1875598431,12.187942028,12.1927390099,12.1968388557,12.1977510452,12.2059600353,12.2094318867,12.2262029648
0,0,1,2,3,4,5,6,7,8,9,10,11,12,13,14,15,16,17,18,19,20,21,22,23,24,25
1,1.03223514557,50.0428600311,50.0431029797,51.0698611736,51.0701329708,55.0997390747,59.0443429947,60.0957181454,60.1366269588,63.0825500488,67.1020519733,68.102159977,68.1024041176,69.0719900131,70.1383881569,70.1385970116,71.1225919724,75.0584011078,75.0592091084,76.0852069855,76.1106541157,77.0895440578,78.1298091412,81.0513350964,81.0669131279,84.1199891567
2,1.00858902931,14.056661129,14.0687401295,14.0961492062,15.0287439823,15.0343151093,15.0420191288,15.059579134,15.0656089783,15.0718410015,15.0803949833,15.0884001255,15.0926110744,15.1043970585,16.0173640251,16.0201871395,16.0236840248,16.0263080597,16.0384640694,16.0502669811,16.0539121628,16.0639929771,16.0763981342,16.08497715,16.1037511826,17.0460731983
3,1.01037216187,11.0370562077,11.0622990131,11.0741090775,11.0910151005,11.0988600254,11.1000452042,12.0286080837,12.0398750305,12.0474560261,12.050673008,12.0541210175,12.06737113,12.0700650215,12.0814921856,12.085226059,12.0881071091,12.0964221954,13.0182430744,13.0203611851,13.0230162144,13.0315680504,13.0435330868,13.0572052002,13.0772891045,14.0146901608