0,1,2,3,4,5,6,7,8,9,10,11,12,13,14,15,16,17,18,19,20,21,22,23,24,25,26,27,28,29,30,31,32,33,34,35,36,37,38,39,40,41,42,43,44,45,46,47,48,49,50,
1,1.14470386505,30.1555798054,30.1582949162,30.1599948406,32.2222599983,32.2304208279,32.3782398701,33.1559169292,33.1581199169,34.2476890087,34.2509939671,35.2239558697,35.2593259811,35.3118469715,36.2776339054,36.2818529606,37.3605749607,37.3619878292,38.2564969063,38.2579147816,38.2672288418,38.2696168423,38.2709419727,38.2877488136,39.247823,39.2934958935,39.293820858,39.3119888306,39.312265873,39.3394398689,40.2276308537,40.2984359264,40.303883791,42.2465229034,42.3174610138,43.2834739685,43.3398089409,43.340061903,43.3542258739,43.3797848225,44.2946867943,44.386122942,45.1609489918,45.1988708973,45.349121809,48.2860968113,48.3321669102,48.3340549469,50.2078249454,50.3343348503,53.3925509453
2,1.00911283493,175.708498001,189.76402688,191.635060787,194.952587843,198.872030973,200.813499928,202.837951899,203.009810925,203.913458824,204.592400789,204.666487932,204.774401903,204.842455864,204.858404875,205.211810827,205.212214947,205.451565981,205.47004199,205.647933006,205.727376938,205.795890808,205.82287693,206.194203854,206.738580942,206.933141947,207.128179789,207.15260601,207.245893955,207.456268787,207.51984787,207.692466974,207.72385788,207.834738016,208.061805964,208.077202797,208.110028982,208.194450855,208.466603994,208.476056814,208.490330935,208.620849848,208.679672003,208.686940908,208.846743822,208.868798018,209.060452938,209.16610384,209.251279831,209.271302938,209.443417788
3,1.16832399368,101.636896133,111.78044796,115.737962008,116.939542055,118.295597076,119.308305979,121.310992002,121.84198904,122.001158953,122.487040043,122.754421949,123.507791042,123.764168978,123.9001441,124.293247938,124.793931007,124.800096035,125.343230963,125.816194057,125.837549925,126.440989971,126.883650064,126.892657995,127.029932022,127.394776106,127.71174407,127.973125935,128.346464157,128.392333984,128.893180132,128.903090954,129.835576057,130.011718988,130.017497063,130.390460014,130.765584946,130.882295132,130.904284954,131.356256962,131.76080513,132.416983128,133.580552101,133.931694984,134.277410984,134.909966946,135.01009798,135.285362959,136.385141134,139.739859104,139.847183943
0,0,1,2,3,4,5,6,7,8,9,10,11,12,13,14,15,16,17,18,19,20,21,22,23,24,25,26,27,28,29,30,31,32,33,34,35,36,37,38,39,40,41,42,43,44,45,46,47,48,49,50
1,1.01137185097,19.0663108826,19.3167629242,20.3012318611,21.030867815,23.1262478828,23.1765379906,26.1390919685,26.1425008774,27.102504015,27.3196568489,28.0206558704,28.1294310093,28.1312539577,28.1648728848,28.3138558865,28.3237159252,28.3257739544,29.0209288597,29.1660978794,29.1760559082,29.1839959621,30.0489418507,30.1431818008,30.1542258263,31.0968568325,31.1439869404,31.1561338902,31.1720898151,31.1824069023,32.1270959377,32.1308379173,32.163946867,32.1936609745,32.3051710129,32.3160598278,33.0414998531,33.0798490047,33.1484489441,33.1765239239,34.0221679211,34.0503189564,34.1301829815,34.3169379234,35.03992486,36.0503628254,37.0648269653,37.0700039864,38.0801978111,39.0724048615,41.1300628185
2,1.06820011139,192.737146139,202.920297146,207.852293015,208.789130211,208.964805126,213.751708031,213.795858145,215.077973127,215.735743046,215.973198175,215.98952508,216.900485039,216.987188101,217.124281168,217.138716221,217.240931034,217.690140009,218.238461018,218.754073143,218.968137026,219.050680161,219.270866156,219.459122181,219.482189178,219.547800064,219.707551003,219.71214509,219.714497089,219.850006104,219.861221075,219.955884218,220.067905188,220.270713091,220.318718195,220.320118189,220.343691111,220.691076994,220.734425068,220.740905046,220.745776176,220.768151045,220.785987139,220.905865192,220.929358006,220.995413065,221.089247227,221.560455084,222.00565505,222.088174105,222.187213182
3,1.01240587234,82.4196779728,89.4437699318,94.5933618546,95.9954848289,98.6413738728,99.4998898506,101.667358875,101.670073986,102.411626816,102.744735003,104.591951847,104.65764904,105.183207035,105.491698027,106.426717997,106.648885012,106.662170887,108.485199928,108.50720191,108.635722876,108.649266958,109.584434986,109.60203886,109.704846859,110.55297184,110.651721001,110.725986958,110.882930994,111.612509012,111.68183589,111.795511961,112.138659,112.658375978,112.747373819,112.75563693,113.122705936,113.573487043,113.721331835,113.752262831,114.140513897,114.840003967,115.233129978,116.121304989,116.747808933,116.831707954,117.681958914,117.729761839,119.299965858,119.684831858,123.184985876
0,0,1,2,3,4,5,6,7,8,9,10,11,12,13,14,15,16,17,18,19,20,21,22,23,24,25,26,27,28,29,30,31,32,33,34,35,36,37,38,39,40,41,42,43,44,45,46,47,48,49,50
1,1.14186382294,17.2932879925,18.224670887,18.4069499969,19.3713798523,20.3961458206,21.1567659378,21.2560520172,21.3718500137,21.375854969,21.4092149734,21.4189589024,22.1770148277,22.1856679916,22.3937869072,22.4216868877,23.1596879959,23.2145569324,23.2552888393,23.2577469349,23.3720259666,23.3764488697,24.27501297,24.2752439976,24.383589983,24.4197199345,25.1606349945,25.2218208313,25.2664408684,26.2036328316,26.4106309414,27.4157068729,28.1622350216,28.1803338528,28.1997478008,28.3790798187,28.4143159389,28.4153869152,29.1992139816,29.2090559006,29.2560758591,30.2526810169,30.264264822,31.1859958172,31.2367799282,32.2572638988,33.2735760212,34.3999378681,36.3682258129,37.4068670273,38.2772319317
2,1.00825691223,169.507853031,191.560630083,193.670920134,194.504801989,194.747185946,196.656697035,199.776639938,200.676378012,201.667017937,201.89281106,202.754907131,202.758551121,202.759073019,203.717364073,203.944787979,204.136560917,204.342905998,204.349012136,204.366436005,204.593300104,204.75030303,204.769835949,204.904907942,204.951112032,205.02316308,205.039113045,205.155694962,205.691685915,205.696280003,205.760838032,205.896724939,205.999864101,206.000406027,206.03245306,206.067579985,206.074960947,206.077543974,206.286245108,206.521815062,206.670894146,206.711894035,206.762025118,207.009428024,207.009604931,207.022273064,207.041376114,207.422019958,207.609274149,207.774071932,207.838225126
3,1.05235695839,99.7435319424,100.588832855,104.742646933,107.483068943,107.745153904,109.051645994,110.601575851,111.503196001,111.584549904,112.528097868,112.619732857,112.733027935,112.798570871,113.824888945,114.607831001,114.717550993,114.754164934,115.214679956,115.639859915,115.829460859,115.838510036,116.574076891,116.610347033,116.841513872,117.318377972,117.844285011,117.84928894,118.327015877,118.545606852,118.987172842,119.540783882,119.652582884,120.785452843,120.819767952,121.246440887,121.575322866,121.687286854,121.732594967,121.754101038,121.834544897,121.87472105,122.688312054,122.761986017,122.838490963,123.568769932,123.671591997,123.689829826,123.767076015,126.145812988,128.913627863
0,0,1,2,3,4,5,6,7,8,9,10,11,12,13,14,15,16,17,18,19,20,21,22,23,24,25,26,27,28,29,30,31,32,33,34,35,36,37,38,39,40,41,42,43,44,45,46,47,48,49,50,
1,27.3169970512,30.1803970337,30.1818509102,31.2393889427,31.3049080372,32.1546680927,33.2981920242,34.1734008789,35.1976270676,35.3293070793,35.3551158905,36.1600499153,36.3215630054,36.349367857,37.329679966,39.1856060028,39.1875748634,39.1888170242,39.2130460739,39.2140629292,40.2423150539,40.2661180496,41.1704878807,41.2139389515,41.2186710835,42.1765840054,42.2459859848,42.2652418613,42.26583004,42.2948880196,43.1892979145,43.1985929012,43.2005360126,44.2387309074,44.2587890625,45.2042489052,45.2185099125,46.2204620838,47.2855770588,48.2538809776,49.2243368626,49.2282519341,50.2538650036,51.2418289185,51.2608020306,51.3320288658,52.2157409191,55.2973599434,58.1694579124,60.2281999588
2,174.746476889,179.739542961,183.756413937,191.565454006,193.573722839,193.845858812,194.780228853,195.706372023,196.717894793,197.590021849,197.627583981,197.73356986,198.768507004,198.884281874,199.647379875,199.750946999,199.784165859,199.840206861,200.753278017,200.785894871,201.033685923,201.036229849,201.186479807,201.759353876,201.771325827,201.783082962,201.791872978,201.930624962,201.962034941,201.974087954,201.980032921,202.134253025,202.233528852,202.241352797,202.363503933,202.481180906,202.580494881,202.601668835,202.635788918,202.637560844,202.738847971,202.773991823,202.813529968,202.840278864,202.882521868,202.890990019,203.052947998,203.161453962,203.455245018,203.596705914
3,60.4025390148,63.5731561184,64.7095210552,65.4523339272,65.486481905,66.3743948936,67.6728930473,67.6894369125,68.4344758987,69.3501360416,69.4580850601,69.6172330379,69.8830149174,70.525233984,70.6229250431,72.3885519505,72.4368679523,72.4607980251,72.4919059277,72.5211510658,72.5377159119,74.3902440071,74.4301469326,74.4956319332,74.5166759491,74.5351901054,74.600769043,74.6227889061,74.6491789818,74.7821860313,74.8427710533,74.879087925,75.4329280853,75.4520099163,76.4694900513,76.5321059227,76.5876760483,76.7409060001,76.8308238983,77.4032940865,77.5553030968,77.6160180569,77.7825889587,77.8189749718,78.5241119862,78.5288801193,78.5622570515,79.5144410133,79.6735270023,79.6741271019
0,0,1,2,3,4,5,6,7,8,9,10,11,12,13,14,15,16,17,18,19,20,21,22,23,24,25,26,27,28,29,30,31,32,33,34,35,36,37,38,39,40,41,42,43,44,45,46,47,48,49,50,
1,25.2770180702,26.3570301533,26.3681540489,27.3233540058,28.1894080639,28.3682000637,28.406208992,28.4172310829,29.2982180119,29.3431801796,30.1897530556,30.292757988,31.2865440845,32.2110540867,32.2442760468,32.2498290539,32.2500741482,32.2925992012,33.2275311947,33.3437571526,33.3440041542,33.3694310188,34.3614621162,34.410048008,35.1855971813,35.2181060314,35.3593451977,35.4148101807,35.4150071144,36.2504861355,36.299478054,37.2507691383,38.2203741074,38.3120729923,39.1890640259,39.3079781532,39.361877203,39.4156501293,40.3382730484,40.4031860828,41.2457430363,42.279720068,42.4083271027,43.4113271236,43.4115240574,46.3665401936,46.4240419865,49.3522150517,54.4252080917,64.4117469788
2,16.3389050961,17.3324811459,17.3453810215,17.3503181934,17.3909931183,18.2171189785,18.2280859947,18.233880043,18.2370421886,18.2450101376,18.2505941391,18.2512760162,18.2550041676,18.2588031292,18.2614080906,18.2672111988,18.2880520821,18.2951200008,18.2998921871,18.303910017,18.3063011169,18.31183815,18.3236920834,18.3254601955,18.3384790421,18.3434331417,18.3579351902,18.3892550468,19.1922399998,19.1945040226,19.1979560852,19.2004151344,19.2043261528,19.2072210312,19.2116441727,19.2180299759,19.2216501236,19.2263810635,19.234318018,19.2410480976,19.2649021149,19.2711040974,19.2747271061,19.2794501781,19.2816460133,19.2846729755,19.2960121632,19.3129551411,19.3370420933,19.3553080559
3,10.1150248051,10.2982368469,11.1419248581,11.1592829227,11.1752779484,11.1798169613,11.2273948193,11.2443959713,11.2446198463,11.248226881,11.2878899574,11.2881598473,11.3042910099,11.3072400093,11.3098819256,12.0952548981,12.1065969467,12.1115398407,12.1155278683,12.1178848743,12.1180357933,12.1217548847,12.1274118423,12.1297168732,12.1298618317,12.1317880154,12.1356840134,12.1474578381,12.1628878117,12.168366909,12.1709828377,12.1841599941,12.1875088215,12.1934649944,12.19952178,12.2043979168,12.2101409435,12.2153308392,12.223115921,12.2243058681,12.2330257893,12.2404129505,12.2529578209,12.2917249203,12.2941908836,13.0901157856,13.097632885,13.1036548615,13.1319689751,13.1534647942
0,0,1,2,3,4,5,6,7,8,9,10,11,12,13,14,15,16,17,18,19,20,21,22,23,24,25,26,27,28,29,30,31,32,33,34,35,36,37,38,39,40,41,42,43,44,45,46,47,48,49,50
1,1.05162286758,50.0628008842,50.0631408691,51.1457600594,51.1459989548,52.1003649235,52.1012148857,54.0632278919,54.0635650158,54.1644830704,54.1647379398,54.1664688587,54.1963179111,54.1965630054,54.2655389309,54.2657849789,56.079417944,56.0796470642,56.1667590141,57.0709550381,57.0795838833,57.0832579136,57.2036190033,57.208272934,57.2084369659,58.0640659332,58.0643439293,58.1498270035,59.1140999794,59.2042808533,59.2727658749,60.0936088562,60.0938398838,60.1909458637,61.1145319939,62.0723888874,62.0937478542,62.1365759373,62.1498029232,62.1563918591,62.2648570538,63.1677649021,63.1894109249,64.1399550438,64.2160718441,66.0747330189,66.1175248623,66.1918599606,69.1142148972,72.1438858509,75.0862588882
2,1.00884008408,16.0733311176,17.1036190987,17.2062060833,17.2317371368,18.0653781891,18.0936100483,18.106123209,18.1191961765,18.1226010323,18.1412551403,18.1538991928,18.2012090683,18.2187721729,18.2224371433,18.2363741398,18.2487981319,19.0162010193,19.0310590267,19.0333921909,19.0592021942,19.0701711178,19.0779380798,19.0818371773,19.0868320465,19.0974640846,19.1286292076,19.1313331127,19.1360161304,19.1457271576,19.1500811577,19.158711195,19.1615540981,19.1971280575,19.2104201317,19.2152252197,19.2287220955,19.2450561523,19.2513852119,20.0313770771,20.0384471416,20.0426380634,20.0462701321,20.0500221252,20.0549721718,20.0634891987,20.094340086,20.1115560532,20.1150271893,20.1940732002,21.0229291916
3,1.00879311562,11.0309391022,12.0206849575,12.0477609634,12.0531179905,12.0670881271,12.0723621845,12.075450182,12.085627079,12.0995740891,12.0998311043,12.1219341755,12.1553361416,12.1604101658,12.1639800072,12.1657409668,12.1708331108,12.1744611263,12.1785860062,12.2014861107,12.2037920952,13.0158801079,13.0263819695,13.0286061764,13.0287539959,13.0377311707,13.0391321182,13.0429000854,13.0470290184,13.0531861782,13.0556740761,13.0594890118,13.0615711212,13.0695331097,13.0918171406,13.1006271839,13.1085910797,13.1118490696,13.1254901886,13.1297440529,13.1340689659,13.1419541836,13.1438851357,13.1468410492,13.1514410973,13.184702158,14.0229640007,14.0608561039,14.0802731514,14.1040539742,14.1196591854