0,0,1,2,3,4,5
1,1.03783297539,20.0447478294,20.0547509193,22.2493300438,24.249245882,27.2488470078
2,1.05029177666,15.1270048618,15.1415228844,15.15782094,15.1898889542,15.1955089569
3,1.05278205872,10.1190540791,11.1622519493,12.1289820671,12.1459078789,12.1935350895
0,0,1,2,3,4,5
1,1.01105999947,23.0236530304,24.209597826,24.2165389061,26.0191869736,26.1983020306
2,1.00965595245,6.08418488503,7.06572198868,7.12844991684,7.1592259407,7.16110086441
3,1.03820991516,7.04966306686,7.06450200081,7.08408093452,7.09991693497,7.11811900139
0,0,1,2,3,4,5
1,1.0122461319,24.0160329342,26.0189769268,26.0201649666,30.1370630264,30.1380560398
2,1.07040095329,26.2878320217,28.317784071,28.3601670265,29.428812027,29.4751310349
3,1.03302407265,17.1253249645,20.1194550991,20.1305861473,20.1316320896,20.1868009567
0,1,2,3,4,5
1,22.0163550377,29.0179710388,32.213406086,35.0189931393,42.2209780216
2,11.0532221794,11.0566031933,11.0584380627,11.2468140125,11.2521851063
3,10.1277639866,10.1512861252,11.153758049,11.1558949947,11.1904170513
0,0,1,2,3,4,5,
1,33.027244091,33.0274851322,34.2277081013,43.2289140224,45.2325761318
2,11.0335829258,11.0397508144,12.035214901,12.0413308144,13.0290579796
3,6.08157300949,7.09114313126,8.07890200615,8.08207917213,8.08531308174
2,1.20747709274,12.2180562019,12.2225141525,12.2266321182,12.2291080952,13.2152061462,
2,1.07478094101,10.2871668339,11.273211956,11.2766199112,11.2792270184,11.2840750217,