0,0,1,2,3,4,5,6,7,8,9,10
1,1.01250100136,16.0195939541,17.055644989,19.0278038979,19.0298240185,19.068281889,20.0275809765,20.0368549824,20.0638179779,21.0463020802,23.0316619873
2,1.0095808506,22.1221389771,24.1588828564,27.1236348152,27.1456768513,27.2141799927,28.1215918064,28.1250748634,28.1410639286,29.0950148106,29.1372869015
3,1.01478600502,26.1540911198,26.2275481224,26.2539381981,27.1627020836,29.1421141624,29.1487281322,29.1823441982,29.2944931984,30.1542761326,30.3051462173
0,0,1,2,3,4,5,6,7,8,9,10
1,1.03124690056,23.0162498951,23.0175368786,27.01906991,27.0207810402,28.0622830391,28.0626618862,29.0801079273,29.080698967,34.0516190529,45.0696568489
2,1.20185709,56.4165859222,59.4274740219,61.4222950935,63.4374809265,63.4459190369,64.3806209564,64.4453520775,64.4483840466,64.4924960136,64.5570049286
3,1.20219707489,29.335119009,30.3330559731,30.4401381016,31.3725180626,32.4997270107,33.4645969868,33.4762089252,33.5071189404,33.6641359329,34.4883561134
0,0,1,2,3,4,5,6,7,8,9,10
1,1.22887706757,17.2338590622,17.2354340553,17.2670052052,23.233716011,23.234331131,24.2359230518,24.2372660637,24.2374331951,24.2597460747,28.2686460018
2,1.008207798,37.1536707878,48.1817839146,49.1415879726,51.1951389313,51.2334098816,52.1637248993,52.1981759071,52.2044417858,52.2518708706,52.2808778286
3,1.02281904221,23.1282961369,25.1501691341,26.1800689697,26.2498660088,26.3314089775,27.175647974,27.2962610722,28.2696349621,28.3871030807,28.404063940
0,0,1,2,3,4,5,6,7,8,9,10
1,35.0188829899,35.0202569962,39.042757988,40.0198848248,40.021094799,40.0430109501,45.0582709312,50.0601768494,52.0341658592,61.0577919483
2,10.1002840996,10.1028661728,11.0990810394,11.1604011059,12.1263959408,12.1459879875,12.1512191296,12.1542320251,12.1714611053,12.178650140
3,12.1364109516,15.153637886,17.1683888435,17.193297863,17.221342802,17.2234809399,17.245249033,17.2545418739,17.2824828625,17.2831888199
0,0,1,2,3,4,5,6,7,8,9,10,
1,22.0474369526,22.0721261501,24.0806131363,25.0724170208,25.0726451874,32.0734550953,33.0743210316,35.0790669918,41.0548050404,56.0775160789
2,14.0210340023,14.030050993,14.0364990234,14.0398869514,14.0438520908,15.0138170719,15.0284919739,15.04063797,16.0185251236,16.0222871304
3,9.02830410004,9.03089904785,9.04452800751,10.0137760639,10.0174860954,10.0214509964,10.0257880688,10.03602314,10.0421860218,11.0116951466
0,0,1,2,3,4,5,6,7,8,9,10
1,1.1989839077,25.2051439285,27.2075178623,27.2221460342,28.2054519653,28.2056839466,29.235022068,31.2187559605,34.2358679771,34.2363519669,40.2201440334
2,1.00841617584,12.0391051769,12.0450601578,13.0183010101,13.022436142,13.0261890888,13.0293970108,13.0319421291,13.0365099907,13.04185009,14.0150821209
3,1.05453681946,7.06759381294,7.09282493591,8.06140899658,8.06166100502,8.06176590919,8.07113790512,8.07329201698,8.07953095436,8.09322595596,9.05752301216